version https://git-lfs.github.com/spec/v1
oid sha256:380a5547eafc0efd7737bbef86a10cf500a16fbb1772d93bb0811855a02cde96
size 477
